0.083 -2.132
0.093 -2.13115
0.103 -2.13014
0.113 -2.12897
0.123 -2.12764
0.133 -2.12615
0.143 -2.12452
0.153 -2.12275
0.163 -2.12083
0.173 -2.11878
0.183 -2.1166
0.193 -2.11429
0.203 -2.11186
0.213 -2.10931
0.223 -2.10665
0.233 -2.10387
0.243 -2.10098
0.253 -2.09799
0.263 -2.0949
0.273 -2.09171
0.283 -2.08843
0.293 -2.08506
0.303 -2.0816
0.313 -2.07806
0.323 -2.07444
0.333 -2.07074
0.343 -2.06696
0.353 -2.06312
0.363 -2.05921
0.373 -2.05523
0.383 -2.0512
0.393 -2.0471
0.403 -2.04295
0.413 -2.03874
0.423 -2.03449
0.433 -2.03019
0.443 -2.02584
0.453 -2.02145
0.463 -2.01702
0.473 -2.01255
0.483 -2.00805
0.493 -2.00351
0.503 -1.99895
0.513 -1.99435
0.523 -1.98973
0.533 -1.98509
0.543 -1.98042
0.553 -1.97574
0.563 -1.97103
0.573 -1.96631
0.583 -1.96158
0.593 -1.95683
0.603 -1.95208
0.613 -1.94731
0.623 -1.94253
0.633 -1.93775
0.643 -1.93297
0.653 -1.92818
0.663 -1.92339
0.673 -1.9186
0.683 -1.91382
0.693 -1.90903
0.703 -1.90425
0.713 -1.89947
0.723 -1.89469
0.733 -1.88993
0.743 -1.88517
0.753 -1.88042
0.763 -1.87568
0.773 -1.87094
0.783 -1.86622
0.793 -1.86151
0.803 -1.85681
0.813 -1.85213
0.823 -1.84745
0.833 -1.84279
0.843 -1.83815
0.853 -1.83351
0.863 -1.82889
0.873 -1.82429
0.883 -1.8197
0.893 -1.81513
0.903 -1.81057
0.913 -1.80602
0.923 -1.80149
0.933 -1.79697
0.943 -1.79247
0.953 -1.78798
0.963 -1.78351
0.973 -1.77905
0.983 -1.7746
0.993 -1.77016
1.003 -1.76574
1.013 -1.76132
1.023 -1.75692
1.033 -1.75253
1.043 -1.74815
1.053 -1.74377
1.063 -1.7394
1.073 -1.73504
1.083 -1.73069
1.093 -1.72634
1.103 -1.72199
1.113 -1.71765
1.123 -1.7133
1.133 -1.70896
1.143 -1.70462
1.153 -1.70027
1.163 -1.69592
1.173 -1.69156
1.183 -1.6872
1.193 -1.68282
1.203 -1.67844
1.213 -1.67404
1.223 -1.66963
1.233 -1.66521
1.243 -1.66076
1.253 -1.6563
1.263 -1.65182
1.273 -1.64731
1.283 -1.64277
1.293 -1.63821
1.303 -1.63362
1.313 -1.629
1.323 -1.62434
1.333 -1.61964
1.343 -1.61491
1.353 -1.61013
1.363 -1.60531
1.373 -1.60044
1.383 -1.59552
1.393 -1.59055
1.403 -1.58552
1.413 -1.58043
1.423 -1.57529
1.433 -1.57008
1.443 -1.5648
1.453 -1.55945
1.463 -1.55403
1.473 -1.54854
1.483 -1.54296
1.493 -1.5373
1.503 -1.53156
1.513 -1.52572
1.523 -1.5198
1.533 -1.51377
1.543 -1.50765
1.553 -1.50142
1.563 -1.49508
1.573 -1.48864
1.583 -1.48208
1.593 -1.4754
1.603 -1.46859
1.613 -1.46166
1.623 -1.4546
1.633 -1.44741
1.643 -1.44008
1.653 -1.4326
1.663 -1.42498
1.673 -1.4172
1.683 -1.40927
1.693 -1.40118
1.703 -1.39292
1.713 -1.3845
1.723 -1.3759
1.733 -1.36712
1.743 -1.35816
1.753 -1.34901
1.763 -1.33967
1.773 -1.33013
1.783 -1.32039
1.793 -1.31044
1.803 -1.30028
1.813 -1.28991
1.823 -1.2793
1.833 -1.26848
1.843 -1.25741
1.853 -1.24611
1.863 -1.23457
1.873 -1.22278
1.883 -1.21073
1.893 -1.19842
1.903 -1.18585
1.913 -1.173
1.923 -1.15988
1.933 -1.14648
1.943 -1.13278
1.953 -1.11879
1.963 -1.10451
1.973 -1.08991
1.983 -1.075
1.993 -1.05978
2.003 -1.04423
2.013 -1.02835
2.023 -1.01213
2.033 -0.995566
2.043 -0.978654
2.053 -0.961386
2.063 -0.943756
2.073 -0.925756
2.083 -0.90738
2.093 -0.888621
2.103 -0.869474
2.113 -0.84993
2.123 -0.829983
2.133 -0.809627
2.143 -0.788854
2.153 -0.767658
2.163 -0.746031
2.173 -0.723966
2.183 -0.701456
2.193 -0.678494
2.203 -0.655073
2.213 -0.631185
2.223 -0.606823
2.233 -0.581979
2.243 -0.556647
2.253 -0.530817
2.263 -0.504484
2.273 -0.477638
2.283 -0.450273
2.293 -0.422381
2.303 -0.393954
2.313 -0.364983
2.323 -0.335461
2.333 -0.305381
2.343 -0.274733
2.353 -0.24351
2.363 -0.211704
2.373 -0.179306
2.383 -0.146308
2.393 -0.112702
2.403 -0.0784792
2.413 -0.0436316
2.423 -0.00815039
2.433 0.0279729
2.443 0.064747
2.453 0.10218
2.463 0.140282
2.473 0.179061
2.483 0.218525
2.493 0.258684
2.503 0.299547
2.513 0.341122
2.523 0.383419
2.533 0.426447
2.543 0.470215
2.553 0.514732
2.563 0.560007
2.573 0.606051
2.583 0.652872
2.593 0.700479
2.603 0.748883
2.613 0.798093
2.623 0.848118
2.633 0.898968
2.643 0.950653
2.653 1.00318
2.663 1.05657
2.673 1.11082
2.683 1.16594
2.693 1.22195
2.703 1.27885
2.713 1.33666
2.723 1.39538
2.733 1.45503
2.743 1.51561
2.753 1.57714
2.763 1.63962
2.773 1.70307
2.783 1.7675
2.793 1.83292
2.803 1.89933
2.813 1.96675
2.823 2.0352
2.833 2.10467
2.843 2.17519
2.853 2.24676
2.863 2.31939
2.873 2.39309
2.883 2.46788
2.893 2.54377
2.903 2.62077
2.913 2.69888
2.923 2.77813
2.933 2.85852
2.943 2.94006
